GDP Price,Year,Andhra Pradesh ,Arunachal Pradesh,Assam,Bihar,Chhattisgarh,Goa,Gujarat,Haryana,Himachal Pradesh,Jammu & Kashmir,Jharkhand,Karnataka,Kerala,Madhya Pradesh,Maharashtra,Manipur,Meghalaya,Mizoram,Nagaland,Odisha,Punjab,Rajasthan,Sikkim,Tamil Nadu,Telangana,Tripura,Uttar Pradesh,Uttarakhand,West Bengal1,Andaman & Nicobar Islands,Chandigarh,Delhi,Puducherry,
GSDP (in Crores),2012,379402,11063,143175,247144,158074,42367,615606,297539,72720,78254,150918,603778,364048,315561,1272967,12915,19918,7259,11839,227872,266628,436465,11165,751485,359433,19208,724049,115523,NA,3979,18768,343767,16818,
GSDP (in Crores),2013,411404,12547,156864,282368,177511,38120,724495,347032,82820,87105,174724,691700,412313,380924,1448466,13748,21872,8362,13619,258275,297734,494004,12338,855481,401493,21663,822903,131835,NA,4421,21609,391238,18875,
GSDP (in Crores),2014,464272,14602,177745,317101,206690,35921,807623,400662,94764,95893,188567,817886,465041,437737,1647506,16198,22938,10293,16612,291709,334714,549701,13862,971090,452186,25593,944146,149817,NA,5159,24787,443783,21870,
GSDP (in Crores),2015,526468,16761,198098,373920,234982,40633,895027,437462,104369,100404,217107,921788,526002,481982,1792122,18043,24408,11559,18414,321971,368011,612194,15209,1092564,511178,29667,1043371,161985,NA,5721,27844,492424,24089,
GSDP (in Crores),2016,6042290,185090,2279590,3716020,2251630,550540,10290100,4955040,1142390,1171680,2066130,10451680,5619940,5410680,19662250,195310,251170,151390,195240,3285500,3900870,6814820,180340,11765000,5779020,359380,11378080,1771630,7973000,60320,292750,5508040, ,266170
GSDP (in Crores),2017,6844160,199020,2543820,4210520,2628020,629760,11671560,5614240,1256340,1248480,2362500,12076080,6348860,6498230,21981850,212940,274390,171920,217220,3928040,4269880,7605870,206870,13026390,6583250,394790,12887000,1951250,8725270,68360,324270,6160850, ,295730
GSDP (in Crores),2018,7861350,224750,2831650,4687460,2827370,693520,13290950,6388320,1385510,1397090,2698160,13332400,7015880,7262840,23527820,257890,295080,193850,243930,4403950,4710140,8325290,259710,14650510,7500500,437160,14399260,2202220,9747000,78900,363440,6779000, ,321290
GSDP (in Crores),2019,8737210,253350,3093360,5279760,3271070,718530,14921560,6989400,1483830,1598590,3056950,14793910,7882860,8298050,25288540,273880,321760,219120,265270,4986110,5215100,9115190,284020,16302090,8574270,498230,15821800,2303140,11020540,90030,401390,7383890, ,341700
GSDP (in Crores),2020,9258390,300240,3468510,5818550,3446480,750320,16171430,7321950,1591640, ,3103050,16111340,8129350,9278550,26573710,298130,347700,249900,297160,5375020,5370310,9986790,314410,17431440,9500900,541510,17000620,2392470,11790970,97650,434210,7929110,1641030,369990
GSDP (in Crores),2021,9567880,305480,3536050,5672630,3477520,757050,16161060,7418500,1552510, ,2966640,16250730,7717240,9616430,26275420,297760,337760,239230,298320,5401500,5408530,10194420,330180,17880740,9428140,535040,16453170,2368600,11558200,93100,394420,7634350,1676520,361160
GSDP (in Crores),2022,11338370,351240,4126120,6503020,4064160,826040,19370660,8706650,1762690, ,3588630,19627250,9324700,11361370,31080220,365940,387850,278240,319130,6708810,6142270,12181930,375570,20712860,11289070,625500,19745320,2721590,13639260,103710,456350,9046420,1999170,442380
GSDP (in Crores),2023,13177280, ,4931670,7513960,4576080, , ,9941540,1954050, ,3937220,22413680, ,13228210, , ,426970, , ,7748690,6731070,14136200,427560,23645140,13133910,726360,22575750,3026210,15549920, , ,10437590,2279270, 
