State,2012,2013,2014,2015,2016,2017,2018,2019,2020,2021,2022,2023
Andhra Pradesh,3794020,4114040,4642720,5249760,6042290,6844160,7861350,8737210,9258390,9567880,11338370,13177280
Arunachal Pradesh,110630,125470,145810,179590,185090,199020,224750,253350,300240,305480,351240,321456
Assam,1431750,1568640,1777450,1957230,2279590,2543820,2831650,3093360,3468510,3536050,4126120,4931670
Bihar,2471440,2823680,3171010,3429510,3716020,4210520,4687460,5279760,5818550,5672630,6503020,7513960
Chhattisgarh,1580740,1775110,2068330,2211180,2251630,2628020,2827370,3271070,3446480,3477520,4064160,4576080
Goa,423670,381200,359210,478140,550540,629760,693520,718530,750320,757050,826040,768543
Gujarat,6156060,7244950,8076230,9217730,10290100,11671560,13290950,14921560,16171430,16161060,19370660,18765954
Haryana,2975390,3470320,3992680,4371450,4955040,5614240,6388320,6989400,7321950,7418500,8706650,9941540
Himachal Pradesh,727200,828200,947640,1037720,1142390,1256340,1385510,1483830,1591640,1552510,1762690,1954050
Jammu and Kashmir (state),782560,871380,956200,983670,1171680,1248480,1397090,1598590,1587659,1567435,1678999,1567845
Jharkhand,1509180,1747240,1885670,2185250,2066130,2362500,2698160,3056950,3103050,2966640,3588630,3937220
Karnataka,6060100,6954130,8166660,9139230,10451680,12076080,13332400,14793910,16111340,16250730,19627250,22413680
Kerala,3640480,4123130,4650410,5125640,5619940,6348860,7015880,7882860,8129350,7717240,9324700,9456799
Madhya Pradesh,3155620,3809250,4394830,4799390,5410680,6498230,7262840,8298050,9278550,9616430,11361370,13228210
Maharashtra,12803690,14596290,16496470,17791380,19662250,21981850,23527820,25288540,26573710,26275420,31080220,32456789
Manipur,129150,137430,161820,181290,195310,212940,257890,273880,298130,297760,365940,476378
Meghalaya,199180,218720,229380,232350,251170,274390,295080,321760,347700,337760,387850,426970
Mizoram,72590,83620,102930,135090,151390,171920,193850,219120,249900,239230,278240,301459
Nagaland,121770,141210,166120,184010,195240,217220,243930,265270,297160,298320,319130,369999
Odisha,2309870,2617000,2964750,3142500,3285500,3928040,4403950,4986110,5375020,5401500,6708810,7748690
Punjab,2666280,2977340,3321470,3551020,3900870,4269880,4710140,5215100,5370310,5408530,6142270,6731070
Rajasthan,4348370,4935510,5510310,6156420,6814820,7605870,8325290,9115190,9986790,10194420,12181930,14136200
Sikkim,111650,123380,138620,154070,180340,206870,259710,284020,314410,330180,375570,427560
Tamil Nadu,7514860,8548250,9685300,10726780,11765000,13026390,14650510,16302090,17431440,17880740,20712860,23645140
Telangana,3594340,4015940,4515800,5058490,5779020,6583250,7500500,8574270,9500900,9428140,11289070,13133910
Tripura,192080,216630,255930,295330,359380,394790,437160,498230,541510,535040,625500,726360
Uttar Pradesh,7240500,8223930,9403560,10117900,11378080,12887000,14399260,15821800,17000620,16453170,19745320,22575750
Uttarakhand,1153280,1316130,1490740,1614390,1771630,1951250,2202220,2303140,2392470,2368600,2721590,3026210
West Bengal,5204850,5914650,6768490,7180820,7973000,8725270,9747000,11020540,11790970,11558200,13639260,15549920
Andaman and Nicobar Islands,39780,44210,50230,54770,60320,68360,78900,90030,97650,93100,103710,117899
Chandigarh,187680,216090,248220,265490,292750,324270,363440,401390,434210,394420,456350,469879
Delhi,3437980,3913880,4439600,4948030,5508040,6160850,6779000,7383890,7929110,7634350,9046420,10437590
Jammu and Kashmir,111678,127890,136299,159767,179365,1087570,1206360,1567897,1641030,1676520,1999170,2279270
Puducherry,168180,188750,218700,225740,266170,295730,321290,341700,369990,361160,442380,567890
